572252031
577777721
577777002
544085066
544136207
543743674
529498519
578481247
596876441
581966553
566366360
554862532
544136235
596752816
565733746
553316161
568613422
557257858
555412941
593679200
558635103
549535499
553314170
552929492
524448934
523651085
523650681
519826770
509587218
517230288
512904815
499890835
498558993
511298788
511298342
511297621
511310051
511311164
511310757
511298556
500991545
500995151
500985957
500998295
493672031
502819698
500797072
500797151
498715674
498715425
498367867
503436575
503436436
500973660
500978174
500979081
498367583
497973075
508395750
508582672
508582510
516916060
508395750
508582672
508582510
516916060
517327999
520093245
518643545
513532177
514621710
509716999
509683955
510211444
509803018
504004747
510972888
510972941
511061598
510944832
510944916
510942034
504728080
504004686
505542411
505542922
505245071
493530304
517071045
517328925
497047404
496989387
496989603
500491446
470328278
470311628
470314645
470305920
492782516
490704092
491774108
476665063
488984388
480509440
480507102
480606643
480509944
480510254
480761177
480510531
480454491
478556887
478556702
478255531
478556438
478258228
478253332
478239095
478556613
478556227
474323066
472939113
472942609
485772256
485772201
481082494
480930142
477688074
477687206
477685891
477699435
474989731
474989876
474989591
475145373
475136251
475138869